1 1 10011000100010001000100010001000100010001001100010001000100010001000100010001000 
1 1 00000000000000000000000000000000000000000000000000000000000000000000000000000000 
1 1 00000000000000000000000000000000000000000000000000000000000000000000000000000000 
1 1 00000000000000000000000000000000000000000000000000000000000000000000000000000000
1 1 00001111011111110110111101011111010011110000111100111111001011110001111100001111 
1 1 00000000111111110111111100111111000111110000000000001111000001110000001100000001 
1 1 00000000010101010101010101010101010101010000000001010101010101010101010101010101 
1 1 00000000111111110111111100111111000111110000000000001111000001110000001100000001 
1 1 00000000010101010101010101010101010101010000000001010101010101010101010101010101 
1 1 00000000111111110111111100111111000111110000000000001111000001110000001100000001 
1 1 00000000010101010101010101010101010101010000000001010101010101010101010101010101 
1 1 00000000111111110111111100111111000111110000000000001111000001110000001100000001 
1 1 00000000010101010101010101010101010101010000000001010101010101010101010101010101 
1 1 00000000111111110111111100111111000111110000000000001111000001110000001100000001
1 1 00000000010101010101010101010101010101010000000001010101010101010101010101010101
1 1 00000000111111110111111100111111000111110000000000001111000001110000001100000001
1 1 00000000010101010101010101010101010101010000000001010101010101010101010101010101
1 1 00000000111111110111111100111111000111110000000000001111000001110000001100000001
1 1 00000000010101010101010101010101010101010000000001010101010101010101010101010101
1 1 00000000111111110111111100111111000111110000000000001111000001110000001100000001
1 1 00000000010101010101010101010101010101010000000001010101010101010101010101010101
0 0 00000000000000000000000000000000000000000000000000000000000000000000000000000000
0 0 00000000000000000000000000000000000000000000000000000000000000000000000000000000
0 0 00000000000000000000000000000000000000000000000000000000000000000000000000000000
0 0 00000000000000000000000000000000000000000000000000000000000000000000000000000000
0 0 00000000000000000000000000000000000000000000000000000000000000000000000000000000
0 0 00000000000000000000000000000000000000000000000000000000000000000000000000000000
0 0 00000000000000000000000000000000000000000000000000000000000000000000000000000000
0 0 00000000000000000000000000000000000000000000000000000000000000000000000000000000
0 0 00000000000000000000000000000000000000000000000000000000000000000000000000000000
0 0 00000000000000000000000000000000000000000000000000000000000000000000000000000000
0 0 00000000000000000000000000000000000000000000000000000000000000000000000000000000
0 0 00000000000000000000000000000000000000000000000000000000000000000000000000000000
0 0 00000000000000000000000000000000000000000000000000000000000000000000000000000000
0 0 00000000000000000000000000000000000000000000000000000000000000000000000000000000
0 0 00000000000000000000000000000000000000000000000000000000000000000000000000000000
0 0 00000000000000000000000000000000000000000000000000000000000000000000000000000000
0 0 00000000000000000000000000000000000000000000000000000000000000000000000000000000
0 0 00000000000000000000000000000000000000000000000000000000000000000000000000000000
0 0 00000000000000000000000000000000000000000000000000000000000000000000000000000000